#filter: wgEncodeGencodeBasicV27lift37.name2 like 'GRIN%'
#bin	name	chrom	strand	txStart	txEnd	cdsStart	cdsEnd	exonCount	exonStarts	exonEnds	score	name2	cdsStartStat	cdsEndStat	exonFrames
1691	ENST00000313269.5_1	chr8	+	145064225	145067583	145065391	145067009	7	145064225,145065367,145065859,145066045,145066412,145066632,145066859,	145064479,145065770,145065972,145066246,145066541,145066776,145067583,	0	GRINA	cmpl	cmpl	-1,0,1,0,0,0,0,
1691	ENST00000395068.8_1	chr8	+	145064267	145067583	145065391	145067009	7	145064267,145065367,145065859,145066045,145066412,145066632,145066859,	145064367,145065770,145065972,145066246,145066541,145066776,145067583,	0	GRINA	cmpl	cmpl	-1,0,1,0,0,0,0,
1653	ENST00000371561.7_3	chr9	+	140032841	140063214	140033938	140061979	20	140032841,140036464,140040177,140043460,140051120,140051314,140052830,140053072,140055507,140055740,140056375,140056623,140056855,140057042,140057297,140057620,140058010,140058210,140059637,140061862,	140034196,140036599,140040354,140043561,140051242,140051489,140052975,140053156,140055649,140055868,140056540,140056742,140056968,140057191,140057455,140057782,140058120,140058356,140059748,140063214,	0	GRIN1	cmpl	cmpl	0,0,0,0,2,1,2,0,0,1,0,0,2,1,0,2,2,1,0,0,
1653	ENST00000371546.8_1	chr9	+	140033932	140063207	140033938	140061979	21	140033932,140036464,140040177,140042603,140043460,140051120,140051314,140052830,140053072,140055507,140055740,140056375,140056623,140056855,140057042,140057297,140057620,140058010,140058210,140059637,140061862,	140034196,140036599,140040354,140042666,140043561,140051242,140051489,140052975,140053156,140055649,140055868,140056540,140056742,140056968,140057191,140057455,140057782,140058120,140058356,140059748,140063207,	0	GRIN1	cmpl	cmpl	0,0,0,0,0,2,1,2,0,0,1,0,0,2,1,0,2,2,1,0,0,
1653	ENST00000371550.8_1	chr9	+	140033932	140063207	140033938	140061979	19	140033932,140036464,140040177,140043460,140051120,140051314,140052830,140053072,140055507,140055740,140056375,140056623,140056855,140057042,140057297,140057620,140058010,140058210,140061862,	140034196,140036599,140040354,140043561,140051242,140051489,140052975,140053156,140055649,140055868,140056540,140056742,140056968,140057191,140057455,140057782,140058120,140058356,140063207,	0	GRIN1	cmpl	cmpl	0,0,0,0,2,1,2,0,0,1,0,0,2,1,0,2,2,1,0,
1653	ENST00000371553.7_3	chr9	+	140033932	140063207	140033938	140062294	21	140033932,140036464,140040177,140042603,140043460,140051120,140051314,140052830,140053072,140055507,140055740,140056375,140056623,140056855,140057042,140057297,140057620,140058010,140058210,140059637,140062225,	140034196,140036599,140040354,140042666,140043561,140051242,140051489,140052975,140053156,140055649,140055868,140056540,140056742,140056968,140057191,140057455,140057782,140058120,140058356,140059748,140063207,	0	GRIN1	cmpl	cmpl	0,0,0,0,0,2,1,2,0,0,1,0,0,2,1,0,2,2,1,0,0,
1653	ENST00000371555.8_1	chr9	+	140033932	140063207	140033938	140061979	20	140033932,140036464,140040177,140042603,140043460,140051120,140051314,140052830,140053072,140055507,140055740,140056375,140056623,140056855,140057042,140057297,140057620,140058010,140058210,140061862,	140034196,140036599,140040354,140042666,140043561,140051242,140051489,140052975,140053156,140055649,140055868,140056540,140056742,140056968,140057191,140057455,140057782,140058120,140058356,140063207,	0	GRIN1	cmpl	cmpl	0,0,0,0,0,2,1,2,0,0,1,0,0,2,1,0,2,2,1,0,
1653	ENST00000371559.8_3	chr9	+	140033932	140063207	140033938	140062294	19	140033932,140036464,140040177,140043460,140051120,140051314,140052830,140053072,140055507,140055740,140056375,140056623,140056855,140057042,140057297,140057620,140058010,140058210,140062225,	140034196,140036599,140040354,140043561,140051242,140051489,140052975,140053156,140055649,140055868,140056540,140056742,140056968,140057191,140057455,140057782,140058120,140058356,140063207,	0	GRIN1	cmpl	cmpl	0,0,0,0,2,1,2,0,0,1,0,0,2,1,0,2,2,1,0,
1653	ENST00000371560.4_1	chr9	+	140033932	140063207	140033938	140062294	20	140033932,140036464,140040177,140042603,140043460,140051120,140051314,140052830,140053072,140055507,140055740,140056375,140056623,140056855,140057042,140057297,140057620,140058010,140058210,140062225,	140034196,140036599,140040354,140042666,140043561,140051242,140051489,140052975,140053156,140055649,140055868,140056540,140056742,140056968,140057191,140057455,140057782,140058120,140058356,140063207,	0	GRIN1	cmpl	cmpl	0,0,0,0,0,2,1,2,0,0,1,0,0,2,1,0,2,2,1,0,
172	ENST00000361820.3_1	chr9	-	104331634	104500862	104335455	104500261	9	104331634,104340049,104341477,104375657,104385599,104390537,104432341,104448877,104499562,	104335795,104340126,104341642,104375809,104385715,104390683,104433389,104449482,104500862,	0	GRIN3A	cmpl	cmpl	2,0,0,1,2,0,2,0,0,
86	ENST00000609686.3_1	chr12	-	13690270	14133297	13715716	14019142	13	13690270,13719958,13722763,13724737,13761536,13764658,13768047,13768426,13769388,13828678,13906250,14018731,14132861,	13717573,13720197,13722951,13724898,13761766,13764784,13768201,13768598,13769591,13828793,13906849,14019160,14133297,	0	GRIN2B	cmpl	cmpl	0,1,2,0,1,1,0,2,0,2,0,0,-1,
82	ENST00000396573.6_1	chr16	-	9847260	10276611	9857005	10274268	14	9847260,9862707,9892133,9916120,9923279,9927961,9934503,9934792,9943612,9984842,10031815,10273854,10275733,10276510,	9858805,9862946,9892321,9916281,9923509,9928087,9934657,9934961,9943818,9984957,10032408,10274286,10275924,10276611,	0	GRIN2A	cmpl	cmpl	0,1,2,0,1,1,0,2,0,2,0,0,-1,-1,
82	ENST00000535259.5_1	chr16	-	9856532	10032415	9857211	10032411	12	9856532,9857628,9862707,9892133,9916120,9923279,9927961,9934503,9934792,9943612,9984842,10031815,	9857285,9858805,9862946,9892321,9916281,9923509,9928087,9934657,9934961,9943818,9984957,10032415,	0	GRIN2A	cmpl	incmpl	1,0,1,2,0,1,1,0,2,0,2,0,
82	ENST00000562109.5_1	chr16	-	9856748	10275744	9857211	10274268	14	9856748,9857628,9862707,9892133,9916120,9923279,9927961,9934503,9934792,9943612,9984842,10031815,10273854,10275733,	9857285,9858805,9862946,9892321,9916281,9923509,9928087,9934657,9934961,9943818,9984957,10032408,10274286,10275744,	0	GRIN2A	cmpl	cmpl	1,0,1,2,0,1,1,0,2,0,2,0,0,-1,
82	ENST00000330684.3_1	chr16	-	9856917	10276263	9857005	10274268	13	9856917,9862707,9892133,9916120,9923279,9927961,9934503,9934792,9943612,9984842,10031815,10273854,10275733,	9858805,9862946,9892321,9916281,9923509,9928087,9934657,9934961,9943818,9984957,10032408,10274286,10276263,	0	GRIN2A	cmpl	cmpl	0,1,2,0,1,1,0,2,0,2,0,0,-1,
1140	ENST00000293190.9_1	chr17	-	72838161	72855998	72838573	72851231	13	72838161,72840414,72842204,72842898,72843446,72843990,72845918,72846344,72846694,72847715,72848151,72850832,72855866,	72839692,72840647,72842392,72843059,72843676,72844116,72846072,72846510,72846906,72847830,72848750,72851246,72855998,	0	GRIN2C	cmpl	cmpl	0,1,2,0,1,1,0,2,0,2,0,0,-1,
1140	ENST00000347612.4_1	chr17	-	72840170	72856658	72840375	72851231	12	72840170,72842204,72842898,72843446,72843990,72845918,72846344,72846694,72847715,72848151,72850832,72856571,	72840647,72842392,72843059,72843676,72844116,72846072,72846510,72846906,72847830,72848750,72851246,72856658,	0	GRIN2C	cmpl	cmpl	1,2,0,1,1,0,2,0,2,0,0,-1,
958	ENST00000263269.3_1	chr19	+	48898131	48948188	48901649	48947194	13	48898131,48901623,48907990,48917247,48917629,48918120,48919258,48922490,48922841,48925041,48945025,48945406,48945856,	48898193,48902114,48908610,48917362,48917841,48918289,48919412,48922616,48923071,48925202,48945213,48945639,48948188,	0	GRIN2D	cmpl	cmpl	-1,0,0,2,0,2,0,1,1,0,2,1,0,
592	ENST00000234389.3_1	chr19	+	1000417	1009731	1000436	1009601	9	1000417,1003128,1004519,1007626,1007854,1008138,1008616,1008855,1009171,	1000862,1003721,1005552,1007772,1007970,1008290,1008781,1008926,1009731,	0	GRIN3B	cmpl	cmpl	0,0,2,0,2,1,0,0,2,
